13 13
15 2
11 15
6 16
5 11
5 18
15 13
14 5
0 15
14 18
14 15
15 12
10 8
9 1
1 12
17 5
14 0
4 8
5 15
4 12
10 18
9 2
4 7
8 4
12 15
8 1
16 13
3 7
2 10
9 0
1 15
11 12
13 8
6 2
12 9
16 11
8 0
1 9
17 8
14 4
16 17
6 17
18 16
14 17
9 16
8 8
16 0
11 7
1 0
16 16
12 18
12 0
7 5
0 8
18 15
12 2
9 10
10 11
7 17
6 3
4 15
18 4
3 12
7 0
14 11
1 11
6 0
9 5
17 15
13 2
7 6
11 1
4 17
12 10
12 6
17 16
10 6
8 2
0 1
16 2
16 18
15 9
7 13
3 1
8 9
14 12
11 13
0 9
9 14
4 9
1 8
18 12
8 18
12 7
11 17
5 4
8 14
16 12
17 13
7 14
5 1
15 4
17 7
