12 13
4 2
11 10
13 10
18 3
15 17
16 4
15 0
14 8
7 12
0 6
10 13
5 9
5 7
17 2
8 12
5 3
18 14
12 17
7 15
1 10
13 11
2 4
4 18
13 12
8 11
9 13
9 17
4 3
14 6
5 14
7 10
2 0
2 16
5 12
16 14
17 6
17 4
9 11
11 14
1 7
0 14
17 12
18 11
1 4
16 1
3 9
4 16
0 10
0 16
11 9
5 0
1 1
18 10
14 16
16 15
0 2
17 14
9 4
6 6
13 3
6 13
15 8
13 14
0 12
2 15
0 5
12 8
9 6
1 6
10 4
7 2
3 5
11 4
10 3
9 9
10 16
1 13
9 15
11 8
14 3
14 7
12 12
11 6
18 13
2 13
18 17
2 18
5 13
0 17
0 4
17 1
18 1
6 9
16 9
17 0
12 3
7 1
7 7
8 17
9 18
0 18
4 1
9 12
